theta =

  -0.109977056708611
   0.004212991202768
  -0.024784712735940
   0.023937905966371
  -0.107589017891024
   0.010690228380032
   0.000000000000000
   0.000000000000000
   0.000000000000000
   0.000000000000000
   0.000000000000000
  -0.026481939847008
  -0.060219195711401
  -0.030128242283418
  -0.009639198733757
  -0.033772952377138
   0.062121094086163
   0.041584337556768
  -0.000905973232274
  -0.012851147054985
   0.064296977918882
   0.101557191314613
  -0.063031529082544
   0.232914262535550
   0.047641615860496
   0.135782464233798
  -0.024681818373233
   0.022128597078050
   0.091377903168899
   0.110319219808988
  -0.029660253594805
   0.011644016678088
   0.077847793080532
   0.079891202343254
  -0.022733289336701
   0.025292266987952
   0.031860270872452
   0.097627700435683
  -0.083574437689538
   0.156952174499493
   0.064757751265362
  -0.060236138236377
   0.061244687952312
   0.000000000000000
   0.035012767010689
   0.007375949724873
  -0.034019469657881

